10.513065
3.30973
13.23747
16.661525
15.05554
11.272545
31.32117
29.39928
5.215055
11.260865
17.327905
17.152425
14.557715
14.012575
13.590575
12.90095
5.71442
6.37209
20.74397
24.675125
2.505545
19.67359
4.360915
0.76699
10.007145
23.843045
90.04855
21.211625
10.303025
12.43449
2.78855
62.588095
46.247
30.26843
26.57557
16.33978
13.629435
21.87347
10.999325
7.33698
16.86955
35.747885
4.70758
23.870945
15.190485
21.211625
20.29598
2.802015
10.007145
11.260865
29.718645
2.802015
17.142055
25.37596
13.590575
12.90095
2.493385
0.76699
63.96758
4.80056
15.358925
9.867555
11.145825
9.867555
12.70294
5.215055
11.272545
36.527275
115.543015
10.763405
10.153535
35.066125
4.80056
123.77095
2.673145
2.673145
17.11917
14.912845
4.7946
60.531495
4.95446
84.344745
3.30973
35.4799
2.505545
4.70758
33.45263
8.506055
12.833955
2.78855
30.89345
98.8034
4.7946
2.493385
19.67359
15.01119
17.11917
4.95446
10.243775
10.303025
15.503285
60.531495
15.503285
4.45998
21.018985
6.37209
7.940895
53.750635
10.513065
3.30973
13.23747
16.661525
3.811595
11.272545
24.949555
29.39928
5.215055
11.260865
17.327905
17.152425
4.758715
14.012575
13.590575
12.90095
2.594345
6.37209
20.74397
24.675125
2.505545
19.67359
4.360915
0.76699
10.007145
23.843045
39.046645
21.211625
10.303025
12.43449
2.78855
62.588095
46.247
2.594345
9.454845
15.044685
13.629435
21.87347
10.999325
7.33698
16.86955
35.747885
4.70758
17.02595
15.190485
21.211625
20.29598
2.802015
10.007145
11.260865
14.359005
2.802015
17.142055
24.420385
13.590575
12.90095
2.493385
0.76699
63.96758
4.80056
15.358925
3.811595
11.145825
9.867555
12.70294
5.215055
11.272545
36.527275
70.118545
10.763405
10.153535
35.066125
4.80056
118.438955
2.673145
2.673145
17.11917
14.912845
4.7946
39.08658
4.95446
84.344745
3.30973
33.801915
2.505545
4.70758
33.45263
4.758715
12.833955
2.78855
22.68446
98.8034
4.7946
2.493385
19.67359
15.01119
9.454845
4.95446
10.243775
10.303025
15.503285
39.988165
15.503285
4.45998
21.018985
4.86839
7.940895
53.750635
